Channels:
Channel name, Exposure time, Skip, Z sect., Start time, Camera mode, EM gain, Voltage
 Brightfield,            30,    1,       1,          1,           2,     270,   1.000
     GFPFast,            30,    1,       1,          1,           3,     270,   1.000
         cy5,            30,    1,       0,          1,           3,     270,   1.000
Z_sectioning:
Sections,Spacing,PFSon?,AnyZ?,Drift,Method
       5,   1.50,     1,    1,    0,     1
Time_settings:
1,300,300,90000
Points:
Position name, X position, Y position, Z position, PFS offset, Group, Brightfield,    GFPFast,        cy5
        wt001,   -3971.00,   -1344.00,   1926.800,     94.000,     1,         30,         30,         30
        wt002,   -3834.00,   -1344.00,   1927.108,     94.000,     1,         30,         30,         30
        wt003,   -3697.00,   -1344.00,   1927.417,     94.000,     1,         30,         30,         30
        wt004,   -3971.00,   -1207.00,   1927.519,     94.000,     1,         30,         30,         30
        wt005,   -3834.00,   -1207.00,   1927.828,     94.000,     1,         30,         30,         30
        wt006,   -3697.00,   -1207.00,   1928.136,     94.000,     1,         30,         30,         30
        wt007,   -3971.00,   -1070.00,   1928.239,     94.000,     1,         30,         30,         30
        wt008,   -3834.00,   -1070.00,   1928.547,     94.000,     1,         30,         30,         30
      hxt4010,   -2443.00,   -1316.00,   1930.700,     96.200,     2,         30,         30,         30
      hxt4011,   -2306.00,   -1316.00,   1931.522,     96.200,     2,         30,         30,         30
      hxt4012,   -2169.00,   -1316.00,   1932.344,     96.200,     2,         30,         30,         30
      hxt4013,   -2443.00,   -1179.00,   1931.693,     96.200,     2,         30,         30,         30
      hxt4014,   -2306.00,   -1179.00,   1932.515,     96.200,     2,         30,         30,         30
      hxt4015,   -2169.00,   -1179.00,   1933.337,     96.200,     2,         30,         30,         30
      hxt4016,   -2443.00,   -1042.00,   1932.687,     96.200,     2,         30,         30,         30
      hxt4017,   -2306.00,   -1042.00,   1933.509,     96.200,     2,         30,         30,         30
      hxt2019,    -939.00,   -1298.00,   1930.500,     96.200,     3,         30,         30,         30
      hxt2020,    -802.00,   -1298.00,   1930.534,     96.200,     3,         30,         30,         30
      hxt2021,    -665.00,   -1298.00,   1930.569,     96.200,     3,         30,         30,         30
      hxt2022,    -939.00,   -1161.00,   1931.356,     96.200,     3,         30,         30,         30
      hxt2023,    -802.00,   -1161.00,   1931.391,     96.200,     3,         30,         30,         30
      hxt2024,    -665.00,   -1161.00,   1931.425,     96.200,     3,         30,         30,         30
      hxt2025,    -939.00,   -1024.00,   1932.213,     96.200,     3,         30,         30,         30
      hxt2026,    -802.00,   -1024.00,   1932.247,     96.200,     3,         30,         30,         30
     mig1g028,   -1727.00,     333.00,   1940.825,     95.200,     4,         30,         30,         30
     mig1g029,   -1590.00,     333.00,   1940.996,     95.200,     4,         30,         30,         30
     mig1g030,   -1453.00,     333.00,   1941.168,     95.200,     4,         30,         30,         30
     mig1g031,   -1727.00,     470.00,   1940.722,     95.200,     4,         30,         30,         30
     mig1g032,   -1590.00,     470.00,   1940.894,     95.200,     4,         30,         30,         30
     mig1g033,   -1453.00,     470.00,   1941.065,     95.200,     4,         30,         30,         30
     mig1g034,   -1727.00,     607.00,   1940.620,     95.200,     4,         30,         30,         30
     mig1g035,   -1590.00,     607.00,   1940.791,     95.200,     4,         30,         30,         30
      hxt7037,   -2737.00,     341.00,   1939.825,     96.650,     5,         30,         30,         30
      hxt7038,   -2600.00,     341.00,   1939.825,     96.650,     5,         30,         30,         30
      hxt7039,   -2463.00,     341.00,   1939.825,     96.650,     5,         30,         30,         30
      hxt7040,   -2737.00,     478.00,   1940.510,     96.650,     5,         30,         30,         30
      hxt7041,   -2600.00,     478.00,   1940.510,     96.650,     5,         30,         30,         30
      hxt7042,   -2463.00,     478.00,   1940.510,     96.650,     5,         30,         30,         30
      hxt7043,   -2737.00,     615.00,   1941.195,     96.650,     5,         30,         30,         30
      hxt7044,   -2600.00,     615.00,   1941.195,     96.650,     5,         30,         30,         30

Flow_control:
Syringe pump details: 2 pumps.
Pump states at beginning of experiment:
Pump port, Diameter, Current rate, Direction, Running, Contents
     COM8,    14.43,         0.00,       INF,       0, 1% glucose in SC
     COM7,    14.43,         4.00,       INF,       1, 0% glucose in SC

Dynamic flow details:
Number of pump changes:
213
Switching parameters:
Infuse/withdraw volumes:
50,50,50,50,50,50,50,50,50,50,50,50,50,50,50,50,50,50,50,50,50,50,50,50,50,50,50,50,50,50,50,50,50,50,50,50,50,50,50,50,50,50,50,50,50,50,50,50,50,50,50,50,50,50,50,50,50,50,50,50,50,50,50,50,50,50,50,50,50,50,50,50,50,50,50,50,50,50,50,50,50,50,50,50,50,50,50,50,50,50,50,50,50,50,50,50,50,50,50,50,50,50,50,50,50,50,50,50,50,50,50,50,50,50,50,50,50,50,50,50,50,50,50,50,50,50,50,50,50,50,50,50,50,50,50,50,50,50,50,50,50,50,50,50,50,50,50,50,50,50,50,50,50,50,50,50,50,50,50,50,50,50,50,50,50,50,50,50,50,50,50,50,50,50,50,50,50,50,50,50,50,50,50,50,50,50,50,50,50,50,50,50,50,50,50,50,50,50,50,50,50,50,50,50,50,50,50,50,50,50,50,50,50
Infuse/withdraw rates:
100,100,100,100,100,100,100,100,100,100,100,100,100,100,100,100,100,100,100,100,100,100,100,100,100,100,100,100,100,100,100,100,100,100,100,100,100,100,100,100,100,100,100,100,100,100,100,100,100,100,100,100,100,100,100,100,100,100,100,100,100,100,100,100,100,100,100,100,100,100,100,100,100,100,100,100,100,100,100,100,100,100,100,100,100,100,100,100,100,100,100,100,100,100,100,100,100,100,100,100,100,100,100,100,100,100,100,100,100,100,100,100,100,100,100,100,100,100,100,100,100,100,100,100,100,100,100,100,100,100,100,100,100,100,100,100,100,100,100,100,100,100,100,100,100,100,100,100,100,100,100,100,100,100,100,100,100,100,100,100,100,100,100,100,100,100,100,100,100,100,100,100,100,100,100,100,100,100,100,100,100,100,100,100,100,100,100,100,100,100,100,100,100,100,100,100,100,100,100,100,100,100,100,100,100,100,100,100,100,100,100,100,100
Times:
181,422,423,424,425,426,427,428,429,430,431,432,433,434,435,436,437,438,439,440,441,442,443,444,445,446,447,448,449,450,451,452,453,454,455,456,457,458,459,460,461,462,463,464,465,466,467,468,469,470,471,472,473,474,475,476,477,478,479,480,481,482,483,484,485,486,487,488,489,490,491,492,493,494,495,496,497,498,499,500,501,502,503,504,505,506,507,508,509,510,511,512,513,514,515,516,517,518,519,520,521,522,523,524,525,526,527,528,529,530,531,532,533,534,535,536,537,538,539,540,541,542,543,544,545,546,547,548,549,550,551,552,553,554,555,556,557,558,559,560,561,562,563,564,565,566,567,568,569,570,571,572,573,574,575,576,577,578,579,580,581,582,583,584,585,586,587,588,589,590,591,592,593,594,595,596,597,598,599,600,601,602,603,604,605,606,607,608,609,610,611,612,613,614,615,616,617,618,619,620,621,622,623,624,625,626,627,628,629,630,631,632,633
Switched to:
0,0,0,0,0,0,0,0,0,0,0,0,0,0,0,0,0,0,0,0,0,0,0,0,0,0,0,0,0,0,0,0,0,0,0,0,0,0,0,0,0,0,0,0,0,0,0,0,0,0,0,0,0,0,0,0,0,0,0,0,0,0,0,0,0,0,0,0,0,0,0,0,0,0,0,0,0,0,0,0,0,0,0,0,0,0,0,0,0,0,0,0,0,0,0,0,0,0,0,0,0,0,0,0,0,0,0,0,0,0,0,0,0,0,0,0,0,0,0,0,0,0,0,0,0,0,0,0,0,0,0,0,0,0,0,0,0,0,0,0,0,0,0,0,0,0,0,0,0,0,0,0,0,0,0,0,0,0,0,0,0,0,0,0,0,0,0,0,0,0,0,0,0,0,0,0,0,0,0,0,0,0,0,0,0,0,0,0,0,0,0,0,0,0,0,0,0,0,0,0,0,0,0,0,0,0,0,0,0,0,0,0,0
Switched from:
0,0,0,0,0,0,0,0,0,0,0,0,0,0,0,0,0,0,0,0,0,0,0,0,0,0,0,0,0,0,0,0,0,0,0,0,0,0,0,0,0,0,0,0,0,0,0,0,0,0,0,0,0,0,0,0,0,0,0,0,0,0,0,0,0,0,0,0,0,0,0,0,0,0,0,0,0,0,0,0,0,0,0,0,0,0,0,0,0,0,0,0,0,0,0,0,0,0,0,0,0,0,0,0,0,0,0,0,0,0,0,0,0,0,0,0,0,0,0,0,0,0,0,0,0,0,0,0,0,0,0,0,0,0,0,0,0,0,0,0,0,0,0,0,0,0,0,0,0,0,0,0,0,0,0,0,0,0,0,0,0,0,0,0,0,0,0,0,0,0,0,0,0,0,0,0,0,0,0,0,0,0,0,0,0,0,0,0,0,0,0,0,0,0,0,0,0,0,0,0,0,0,0,0,0,0,0,0,0,0,0,0,0
Flow post switch:
4,4,3.64,4,3.64,4,3.64,4,3.64,4,3.64,4,3.27,4,3.27,4,3.27,4,3.27,4,3.27,4,2.91,4,2.91,4,2.91,4,2.91,4,2.91,4,2.55,4,2.55,4,2.55,4,2.55,4,2.55,4,2.18,4,2.18,4,2.18,4,2.18,4,2.18,4,1.82,4,1.82,4,1.82,4,1.82,4,1.82,4,1.45,4,1.45,4,1.45,4,1.45,4,1.45,4,1.09,4,1.09,4,1.09,4,1.09,4,1.09,4,0.73,4,0.73,4,0.73,4,0.73,4,0.73,4,0.36,4,0.36,4,0.36,4,0.36,4,0.36,4,0,4,0,4,0,4,0,4,0,4,0,3.64,0,3.64,0,3.64,0,3.64,0,3.64,0,3.27,0,3.27,0,3.27,0,3.27,0,3.27,0,2.91,0,2.91,0,2.91,0,2.91,0,2.91,0,2.55,0,2.55,0,2.55,0,2.55,0,2.55,0,2.18,0,2.18,0,2.18,0,2.18,0,2.18,0,1.82,0,1.82,0,1.82,0,1.82,0,1.82,0,1.45,0,1.45,0,1.45,0,1.45,0,1.45,0,1.09,0,1.09,0,1.09,0,1.09,0,1.09,0,0.73,0,0.73,0,0.73,0,0.73,0,0.73,0,0.36,0,0.36,0,0.36,0,0.36,0,0.36,0
0,0,0.36,0,0.36,0,0.36,0,0.36,0,0.36,0,0.73,0,0.73,0,0.73,0,0.73,0,0.73,0,1.09,0,1.09,0,1.09,0,1.09,0,1.09,0,1.45,0,1.45,0,1.45,0,1.45,0,1.45,0,1.82,0,1.82,0,1.82,0,1.82,0,1.82,0,2.18,0,2.18,0,2.18,0,2.18,0,2.18,0,2.55,0,2.55,0,2.55,0,2.55,0,2.55,0,2.91,0,2.91,0,2.91,0,2.91,0,2.91,0,3.27,0,3.27,0,3.27,0,3.27,0,3.27,0,3.64,0,3.64,0,3.64,0,3.64,0,3.64,0,4,0,4,0,4,0,4,0,4,0,4,0.36,4,0.36,4,0.36,4,0.36,4,0.36,4,0.73,4,0.73,4,0.73,4,0.73,4,0.73,4,1.09,4,1.09,4,1.09,4,1.09,4,1.09,4,1.45,4,1.45,4,1.45,4,1.45,4,1.45,4,1.82,4,1.82,4,1.82,4,1.82,4,1.82,4,2.18,4,2.18,4,2.18,4,2.18,4,2.18,4,2.55,4,2.55,4,2.55,4,2.55,4,2.55,4,2.91,4,2.91,4,2.91,4,2.91,4,2.91,4,3.27,4,3.27,4,3.27,4,3.27,4,3.27,4,3.64,4,3.64,4,3.64,4,3.64,4,3.64,4
