modelnames	mechModelX	mechModelX1	mechModelX2	mechModelX3	mechModelX4	mechModelX5	mechModelX6	mechModelX7	modelnames	mechModelX	mechModelX1	mechModelX2	mechModelX3	mechModelX4	mechModelX5	mechModelX6	mechModelX7	
paramset_r2tbyl	4569.888	3893.518	3895.768	32036.792	5479.085	32035.985	6601.530	modelnames	mechModelX	mechModelX1	mechModelX2	mechModelX3	mechModelX4	mechModelX5	mechModelX6	mechModelX7	
	
paramset_fzuyhk	4569.888	3893.518	3895.768	32036.792	5479.085	32035.985	6601.530	
paramset_594bu7	477291.305	486947.048	487344.179	421510.135	475113.207	420923.919	293258.006	
paramset_er85s4	31861.980	31886.080	31886.394	35514.637	32034.619	35558.037	32296.770	
paramset_fszwv4	1734013.957	1047228.407	1043701.101	888353.519	1579451.519	812562.454	1483405.290	
paramset_vscg62	3331665.656	3192470.682	3184726.761	349668.923	2686630.714	346615.697	3805474.437	
paramset_nzudmv	18585074.016	22168038.149	22167996.638	7869801.828	18427578.215	7823094.379	7997869.107	
paramset_vl96xc	30978.024	31014.490	31022.562	35483.301	31023.472	35475.196	30868.970	
paramset_7g1or6	15133.007	15313.138	15313.643	25546.538	15340.022	25817.519	14802.820	
paramset_8972z6	21083.179	21137.291	21137.013	29670.016	21051.711	29653.814	20920.512	
paramset_v4n3x9	241523.731	313803.500	313708.884	46343.070	229504.441	46289.242	437876.040	
paramset_1nzad8	19100.902	19345.141	19369.334	36014.146	17991.839	36014.182	19235.969	
paramset_ukf3yb	40739.379	38299.987	38158.643	37797.445	36441.364	37795.536	50089.567	
paramset_7wivmr	715366.693	715430.162	715423.366	712135.189	713801.088	709897.452	575283.756	
paramset_f73adc	3043262.072	3078828.824	3078151.863	266913.977	2929733.738	264882.739	3137958.410	
paramset_65jgid	27208.369	28141.329	28141.366	34011.698	27357.829	34013.987	26964.364	
paramset_fe4pg8	30986.861	30786.996	30786.631	35813.276	31142.007	35813.393	30543.729	
paramset_quep56	205042.708	212413.008	213032.874	195949.724	201050.693	193400.806	164791.040	
paramset_u9ivoz	19799.092	19798.847	19798.835	35521.023	19560.027	35521.023	19787.243	
paramset_dkx2if	321285.577	263457.322	263460.154	51034.343	322251.414	51778.298	226938.132	
paramset_g3shkx	41477.976	80868.531	80869.722	38934.848	41378.015	38820.011	58049.529	
paramset_r2xlv3	112778.965	96665.849	96685.740	54083.677	113085.276	54372.913	97157.163	
paramset_imuyp4	20436.770	22659.492	22660.671	30637.243	20902.724	30808.199	22678.104	
paramset_fz39jn	442564.240	442715.514	442980.459	233930.494	442763.661	234124.684	362357.499	
paramset_vcl8nt	40308.812	40352.293	40346.070	34865.764	40009.160	34865.838	40306.290	
paramset_5wrkud	43862.928	59577.287	59369.152	50174.121	43036.032	50167.489	33189.312	
paramset_apq4c8	25428.101	23941.428	23941.428	35495.768	22144.372	35438.593	25604.880	
paramset_pwxi7r	815230.084	831807.141	831541.759	283617.206	762916.249	283488.679	871578.082	
paramset_tr2dl1	17402.394	17466.656	17402.394	28960.094	17820.386	29017.263	17701.154	
paramset_k9sain	20504.766	19665.788	19611.629	36274.944	22178.176	36274.960	24875.851	
paramset_58l4wb	3249222.424	3270275.734	3270278.935	1049796.559	2581226.473	999511.024	3573259.004	
paramset_pay8jr	32626.499	32654.829	32661.158	34245.271	32431.315	34240.791	34432.886	
paramset_z5kejm	39909.120	31231.301	31225.094	41818.587	40203.191	42441.852	29523.411	
paramset_7brf5v	112332.515	136397.023	136398.547	98815.198	112341.970	98815.632	60330.208	
paramset_n1jcdl	763426.381	770632.441	770632.452	476504.477	763114.211	476448.452	706299.292	
paramset_dvnoeu	28949.072	29015.444	29015.422	35602.806	28959.531	35603.543	28894.820	
paramset_s41g5m	156713.748	178359.818	178462.060	108171.699	156671.429	108165.260	97467.229	
paramset_623jcq	175048.541	126820.605	126820.610	87192.498	175129.685	87354.072	144424.710	
paramset_voxj8w	26019.904	26015.560	26015.750	36174.963	26361.971	36174.977	22592.160	
paramset_3kuhe9	96691.746	96462.146	96262.663	90958.176	95730.986	90944.375	93289.502	
paramset_6yxi7k	52972.320	53090.347	53161.648	56033.369	52912.986	55982.278	47947.462	
paramset_xhoj4v	17979.491	17147.799	17184.919	35544.047	18609.488	35545.226	17255.832	
paramset_ecvjqm	28595.400	28700.693	28708.355	36276.310	28648.691	36276.311	28506.688	
paramset_qvpbaf	60377.338	60597.743	60597.461	73822.752	59661.156	73705.319	57218.770	
paramset_wzjr5f	28757.841	27560.408	27545.554	33872.844	29320.075	33872.154	27476.254	
paramset_txfmyl	119357.216	121165.442	121168.942	32065.862	119039.487	32065.895	120448.065	
paramset_1eytuc	16120.475	15961.415	15962.557	33391.641	17192.346	33398.500	14784.459	
paramset_3s4gcx	1293507.791	1417212.436	1415921.059	25286.190	1286215.650	25375.852	1322862.371	
paramset_3gximq	3569781.286	3577429.991	3577266.470	1558719.319	3228626.016	1466262.823	3643569.649	
paramset_t58fzb	18084.512	18111.486	18113.320	32815.524	18454.236	32811.762	18118.465	
paramset_4sfbrx	30820.949	29709.192	29703.885	36714.714	30988.694	36714.714	33156.370	
paramset_skb32t	153671.958	153662.263	153671.974	29617.995	141236.899	29680.976	153405.365	
paramset_i1m6qs	98641.377	98632.116	98641.143	34036.808	87259.500	33430.470	105425.599	
paramset_k2o5ds	89941.831	90424.749	90431.273	34538.167	89379.383	34538.204	85168.512	
paramset_nhfx8a	58820.293	80246.456	79544.501	44199.182	58392.012	44176.794	64965.578	
paramset_x9mbce	909327.043	1031351.379	1037726.286	523718.357	909425.537	521863.442	581678.587	
paramset_tsrkxy	53635.687	57996.781	57996.879	47433.102	53432.346	47228.131	50158.877	
paramset_nem7ut	5057984.471	5057952.152	5057977.199	1836427.584	4948813.457	1823861.078	4835141.841	
paramset_utrczw	51776.564	51777.356	51775.800	45235.174	42524.373	39066.386	55754.145	
paramset_2e7g56	1085700.880	1124629.605	1123096.945	653615.595	1080595.389	648396.699	941868.060	
paramset_fmuvq2	695748.961	685291.771	685280.369	29364.502	694864.600	29366.229	694342.397	
paramset_w6atg3	155977.548	174539.444	174880.343	130278.907	154679.115	130189.790	139592.617	
paramset_4gnlue	34823.812	32899.694	32878.257	36525.323	35012.463	36495.754	34340.560	
paramset_o6iuj9	257835.263	261104.884	261082.842	28087.918	249752.044	28384.193	259673.196	
paramset_jhtb5e	453557.307	452096.580	452135.415	88725.157	343018.462	87887.832	454835.484	
paramset_tbc9vw	241658.046	186253.854	182129.438	41628.091	227120.814	41628.090	194759.131	
paramset_fn8mh5	192574.633	193623.839	193393.514	42187.109	142331.497	41460.388	155875.099	
paramset_7idpzv	33076.295	33284.990	33284.878	28779.840	33347.113	28802.019	29842.380	
paramset_pd1olu	25120.239	25699.191	25692.149	39894.736	25220.635	39894.077	24145.284	
paramset_bd8iye	4951570.419	4987988.709	4988262.468	2978100.668	4925844.046	2974737.470	5041815.937	
paramset_qz5uc2	28067.097	30516.561	30517.226	46993.808	28153.216	46994.563	23295.631	
paramset_jowz79	1483610.308	1714295.105	1715431.986	369300.713	1468079.983	369228.231	1283533.843	
paramset_bhx8mg	1238042.659	1238825.765	1238076.925	60895.428	1220094.097	60892.695	1405981.843	
paramset_skfucj	162930.569	162460.720	162368.842	164985.526	163190.738	165245.550	28093.369	
paramset_j41n73	924008.996	916690.978	917656.126	275236.627	641396.137	271919.324	917966.008	
paramset_lg3rnp	3778708.336	3882808.155	3776385.831	221654.171	3245498.196	204044.375	3065591.523	
paramset_c6mzgj	721427.615	721925.011	721687.732	405130.688	720118.728	404582.732	594660.599	
paramset_wt9z5n	23852.495	23994.449	23996.679	33767.873	24564.497	33772.810	23896.662	
paramset_8u1sjh	18107.178	17984.675	17982.758	36497.285	18107.228	36498.842	17613.214	
paramset_ek3sbv	74807.008	74804.028	74807.142	28594.473	74582.223	28615.037	74423.938	
paramset_afq5lw	11759.820	11660.819	11761.490	20103.145	11842.008	20136.137	12833.933	
paramset_nm8kh7	143651.313	143690.598	143651.021	153727.775	122956.262	133126.250	105285.940	
paramset_2lmz93	30369.894	30088.993	30046.497	38882.128	30670.812	38881.911	28452.047	
paramset_qwj5s8	43673.066	44346.732	44348.494	44234.010	43301.618	44083.207	38647.018	
paramset_c3vhrf	33686.333	32891.462	32877.213	34023.937	33870.238	34050.865	33068.468	
paramset_swtbcq	33809.253	33199.828	33188.477	34675.399	33877.805	34678.551	34533.921	
paramset_yu1fhn	648926.719	649965.071	649155.713	20418.796	503168.411	20385.388	646253.755	
paramset_s9vzmo	2381115.214	2383751.228	2381116.215	1760637.370	2364677.325	1753827.680	2217719.615	
paramset_pln7ia	85179.919	85179.864	85179.919	84043.667	84931.009	84516.278	61303.823	
paramset_6ronhm	275077.323	231787.547	231719.995	44361.376	262565.875	44118.998	300428.176	
paramset_afu7bm	20074.034	19266.510	18497.626	32832.638	17451.783	32830.664	19910.559	
paramset_e84uaw	7083672.687	7078864.996	7078843.130	39197.218	5404558.639	39197.218	6754369.575	
paramset_rwbkqv	33296.731	33209.177	33202.280	36188.244	33303.202	36188.276	33293.063	
paramset_tgr7zx	10760.090	10769.555	10769.573	31273.098	11495.859	31291.045	13817.592	
paramset_gfxna2	26166.556	26105.099	26104.754	31624.045	26961.128	31942.282	26215.350	
paramset_3e8nuv	30007.950	29013.736	29003.527	36083.759	30225.147	36070.727	30006.168	
paramset_mhejd2	653706.755	651966.688	651966.868	32078.232	645917.243	31884.502	654500.705	
paramset_obsl56	59889.585	59923.896	59923.857	33928.825	60227.166	33942.824	74298.293	
paramset_bio3v7	33841.841	33885.350	33874.153	35385.734	33954.477	35385.766	33594.882	
paramset_qrmsib	33312.532	33276.385	33195.411	36223.366	33331.686	36223.371	33040.780	
paramset_y7n8bz	743564.001	767838.486	784959.855	716075.050	739458.321	711754.853	478255.429	
paramset_n8qtol	31080.354	30577.871	30485.679	37052.578	31120.845	37052.141	30947.184	
paramset_9t28h4	91827.050	91877.237	91877.241	84465.155	91882.656	84465.010	90844.069	
paramset_9v5146	36924.341	36239.014	36238.886	35177.672	36532.491	35219.521	37446.874	
paramset_ma3l1d	38578.493	38580.572	38578.492	39180.485	38434.919	39006.638	36768.080	
paramset_xmgyhj	50535.149	50624.066	50624.025	54661.804	50558.972	54652.418	43205.420	
paramset_rxzye3	254574.320	260801.690	261166.788	144443.396	216203.887	139045.070	213955.282	
paramset_lyas5e	36110.848	38106.021	38107.585	18890.025	34291.711	18903.886	36232.129	
paramset_y1p53l	1473745.293	1204668.715	1204534.242	65429.691	1450233.464	65461.616	1250184.334	
paramset_m451d8	602380.931	536963.270	536769.432	130836.304	582536.799	129722.395	593550.538	
paramset_7smkno	254506.424	257830.938	257892.796	36276.830	242706.920	35214.014	223497.944	
paramset_eruaqz	270396.737	375481.507	375359.125	39986.738	256709.607	39964.934	338156.947	
paramset_vjaset	24103.812	24358.527	24364.586	36261.218	24822.674	36264.838	23744.075	
paramset_65n3ci	22032.575	21931.993	21931.236	35102.467	22206.759	35102.617	19527.844	
paramset_8jgsm6	163722.319	271948.786	271895.661	138047.647	154850.917	138011.288	128131.437	
paramset_rml1n7	38399.900	38257.811	38264.761	38366.584	38400.069	38366.584	38356.259	
paramset_pl2av3	16934.420	20119.228	18189.537	30458.453	16554.164	30459.747	21402.608	
paramset_abs6j4	148122.003	164053.073	164054.040	129622.645	148152.763	129591.176	116792.144	
paramset_arfxvc	130099.023	130133.446	130134.582	36068.478	129660.927	36068.508	130132.215	
paramset_2k7fs4	1464330.945	1463271.058	1463646.993	112396.588	1434380.144	111719.151	1477920.369	
paramset_ibe8cr	32761.138	32573.953	32573.451	34963.112	32761.770	34960.902	30395.459	
paramset_zycmo5	81214.165	81228.294	81228.266	32875.973	81396.905	32876.790	81367.813	
paramset_z52kcq	60263.292	60195.232	60195.393	30784.968	59243.619	30918.546	60740.444	
paramset_oumtsa	469160.644	462430.117	462190.646	166812.643	462950.285	166781.563	541898.581	
paramset_is2eao	18565.780	19578.590	19578.409	25561.403	18987.464	25800.185	18373.958	
paramset_rhl5ci	174937.598	175917.107	176088.890	159249.479	165571.142	157072.321	173095.543	
paramset_steb6d	25942.373	25942.280	25942.372	20728.917	26948.937	22158.153	25958.289	
paramset_mqtvc4	44830.147	44602.855	44602.709	35739.989	45160.796	35460.979	39711.280	
paramset_tovqbw	35857.962	38140.026	38140.871	35490.916	29474.450	35536.627	34969.179	
paramset_maye3n	135940.484	134916.105	134921.653	14342.273	135115.934	14362.743	132482.276	
paramset_nybfq8	1452594.586	2236379.339	2243419.908	1448160.912	1452454.650	1445009.001	1450274.687	
paramset_ok1afm	1007151.269	1008049.555	1007934.072	738174.620	972764.688	738119.801	712467.580	
paramset_32q41x	27093.424	33550.443	33551.869	29521.115	27135.196	29547.682	27392.974	
paramset_wcv837	22867.059	23034.180	23034.047	32742.685	23327.829	32749.209	22744.581	
paramset_1viz5e	21082.311	21063.054	21082.336	19187.573	22287.265	20370.786	22051.741	
paramset_hu5c1y	100039.236	97322.811	97011.259	105658.733	99869.757	105563.955	77575.985	
paramset_1869yv	14845.951	14962.195	14985.646	23967.782	15045.103	24119.732	14895.353	
paramset_gw1n27	274487.321	266916.045	266821.812	38153.043	250487.047	36892.924	273798.561	
paramset_zkxghr	875433.170	886470.115	885393.425	336621.441	815713.810	326567.468	792377.490	
paramset_zpt163	38077.819	36866.235	36455.349	34545.938	32226.015	34546.008	45777.163	
paramset_gb4hxf	24091.792	24548.914	24556.101	29709.473	24316.052	29892.409	26004.643	
paramset_7nvchi	1187663.595	1206867.721	1206868.063	25226.473	1124493.858	24750.232	1252583.346	
paramset_x2gcfo	22805.132	26753.749	26828.127	27980.685	16181.484	27913.098	34065.392	
paramset_x2agdw	853643.063	328083.391	337059.556	758529.493	833816.073	752775.349	851891.725	
paramset_64wxyi	40538.636	40151.395	40112.083	36070.315	22232.637	35841.219	41057.186	
paramset_zut4lx	28648.983	29004.923	29006.368	34731.513	28649.922	34731.521	28323.053	
paramset_gcf6so	98458.675	98459.270	98458.698	52260.648	95460.895	51818.627	89543.385	
paramset_n9osy6	27597.645	27631.043	27631.033	34927.437	27828.489	34927.785	27704.128	
paramset_bvm79k	34211.907	30901.600	30914.065	24704.339	35010.807	25057.753	35384.847	
paramset_bz7cw6	23097.378	23098.255	23097.180	23789.864	24102.736	24606.839	23127.479	
paramset_8hwl75	22325.502	19886.348	19879.811	37765.799	22631.312	37746.449	22274.103	
paramset_qnjeui	123473.413	125282.118	124995.817	88922.679	93614.443	88806.883	128631.984	
paramset_8sagvq	267171.610	282264.509	281822.364	68870.986	246792.428	65712.749	309334.935	
paramset_5cd9hm	145807.579	154508.794	154612.237	23770.866	136615.267	22887.473	145920.941	
paramset_oladwe	1064005.315	1078017.709	1064005.315	1067846.555	1052655.575	1056491.180	326486.335	
paramset_hvo34x	32679.872	32652.552	32652.546	35348.187	32690.483	35348.713	32580.535	
paramset_kxe8zy	22487.761	22769.167	22769.036	36254.270	22841.292	36254.270	22447.299	
paramset_1olcjw	29554.664	29488.669	29487.306	34249.700	29461.391	34140.250	29255.054	
paramset_z2esip	75987.501	75988.490	75987.501	76952.946	76225.506	77011.023	67834.245	
paramset_9q4pml	19276.135	20465.656	20468.575	35017.751	19147.840	35018.003	17823.796	
paramset_hitze9	1407541.528	1409498.276	1409498.207	119100.789	1351846.556	109730.896	1497766.542	
paramset_52n8v6	424562.050	424313.168	424310.187	34209.541	418610.453	34287.294	425465.541	
paramset_e2yaxc	31188.050	31188.194	31188.022	34126.865	31215.109	34139.718	31404.770	
paramset_7h5gdv	79867.734	79978.845	78749.207	75712.706	65371.930	63344.431	65413.782	
paramset_se2njk	22193.921	22564.505	22564.501	36325.553	22917.144	36325.949	22009.833	
paramset_oqj8ak	92975.727	98850.970	98920.328	38386.169	90291.875	38447.049	77901.743	
paramset_astf6j	90632.575	86449.126	86063.557	36870.344	90002.929	36870.344	79793.138	
paramset_tqbj7w	5214586.066	5004663.512	4998646.129	459094.545	5107995.944	434501.799	5173548.250	
paramset_3ufn64	821526.215	815820.261	815779.667	34229.762	803391.849	34229.792	1033529.078	
paramset_wtciyx	16895.954	19717.334	19746.678	28553.352	17697.373	28890.853	17559.051	
paramset_7og58n	50915.037	57351.271	57379.329	27580.707	49235.094	27755.242	70325.449	
paramset_tarlc5	301037.328	308171.288	308191.110	264664.875	300609.787	264290.699	269582.521	
paramset_fsj76g	17655.211	17759.089	17759.433	35462.802	17754.839	35467.625	17650.146	
paramset_bygdew	10831277.437	10620183.758	10616134.179	2840841.840	10783881.527	2836539.346	10864046.750	
paramset_9n5wpy	10919.553	11767.867	11767.887	35593.927	11333.696	35594.656	11060.757	
paramset_c7juiz	719433.378	723136.234	723120.377	675865.580	715409.439	674246.169	718483.578	
paramset_ua8hcm	32921.097	32937.912	32941.601	34700.196	33004.361	34700.193	33565.178	
paramset_wxnfql	38017.737	34416.218	34393.774	48595.518	37718.222	48561.439	37313.241	
paramset_4xbgrd	29157.003	29016.609	29492.830	33386.811	23136.787	33386.578	29769.243	
paramset_d5av9b	17259.744	17021.346	16980.654	33689.050	16335.089	33689.956	16438.839	
paramset_b7hoy2	530288.543	530284.858	530271.797	35633.816	483392.818	35634.267	530297.378	
paramset_zv934p	19970.672	20109.698	20325.652	32773.851	18901.745	32773.722	21766.923	
paramset_i8dvhm	1884201.168	1937408.593	1937848.417	1234860.436	1752530.682	1191686.303	1375260.186	
paramset_j9olz1	150170.985	150196.982	150144.055	36097.008	146666.742	36097.023	150298.880	
paramset_e4jrv6	32158.214	32422.644	32158.214	33520.365	32194.812	33556.306	32189.617	
paramset_ncifhq	2392268.337	2432206.754	2432217.313	33047.232	2270401.829	32056.702	2528717.129	
paramset_xbo61l	52253.447	52268.721	52249.630	64618.500	51887.691	64616.674	46160.662	
paramset_78wv4g	23533.061	24512.239	24532.836	35061.950	23544.053	35062.073	23414.837	
paramset_oahriz	135443.784	185557.610	185562.964	134250.376	134805.555	134036.666	57933.061	
paramset_gwko2q	25162.915	25183.410	25153.574	27302.597	25276.362	27198.677	25741.281	
paramset_sr7eo2	35136.111	35141.658	35141.685	36593.676	35136.190	36593.676	35136.082	
paramset_5p6r8l	204372.075	191530.204	189717.084	33613.346	166994.581	33610.291	190688.797	
paramset_75hj28	35202.164	35214.519	35214.864	35418.365	35202.155	35418.344	35187.285	
paramset_hunvqb	22910.218	24470.021	24511.540	35360.050	23382.944	35361.436	22216.046	
paramset_yk384r	18430.360	18408.580	18408.688	36389.502	18271.151	36389.501	20387.272	
paramset_bvcj56	173660.666	2059090.491	2076268.158	68458.623	155999.550	63871.718	1028077.450	
paramset_gto7hl	33248.896	33255.509	33256.623	35926.619	33257.356	35927.014	34097.521	
paramset_6ynb28	41376.788	44104.365	44116.009	33335.735	41518.543	33383.655	36977.198	
paramset_y9igvp	32753.551	32797.382	32798.120	33808.131	32775.401	33817.093	32765.769	
paramset_qkjf1p	1893614.970	1927740.252	1927387.676	386948.124	1661354.938	386481.974	1820905.377	
paramset_gjl8yc	4364668.034	4837531.945	4855886.566	159912.911	3073199.355	107536.045	5406290.018	
paramset_qsnlaj	3330075.955	3006830.227	3003643.723	162225.628	3121067.067	157308.508	3399281.201	
paramset_yutpwq	662564.629	792435.312	793235.970	113748.216	654916.008	113966.153	500721.054	
paramset_pxzcj1	1686222.599	1685937.069	1685814.967	879859.424	1682536.304	878206.547	1585004.284	
paramset_r8tepz	1030841.889	993957.301	991994.672	180418.278	1010996.680	177462.125	1002264.329	
paramset_6tn83k	17188585.146	17341248.303	17359656.670	15403695.119	16953849.240	15403298.802	9922633.334	
paramset_ur95wm	353270.519	422458.570	422421.270	35931.010	327058.823	35791.526	345932.722	
paramset_rbpmhz	166835.039	166834.246	166834.094	66335.761	165096.883	66281.632	166650.476	
paramset_sr4d2j	42399.215	43883.665	43955.396	23646.929	42243.765	23657.571	42979.589	
paramset_jbn67v	30881.204	30916.684	30916.760	32387.511	31137.607	32400.910	30828.628	
paramset_hlfjsz	22094.036	22113.293	22113.340	36296.533	22468.093	36296.884	21002.538	
paramset_jn1o5y	33119.481	33119.493	33119.481	35399.685	33210.336	35454.310	33117.048	
paramset_5h8os4	41976.507	42658.229	42627.587	40119.694	41987.562	40119.553	40865.387	
paramset_h7jevf	20974.830	21036.627	21036.014	36267.669	21028.387	36267.669	19724.267	
paramset_oxzhvr	2525220.652	2526251.365	2525199.140	1455118.098	2405162.698	1358781.495	2411073.714	
paramset_8msxk6	33559.305	33559.143	33559.314	36185.345	33755.824	36221.527	33572.060	
paramset_u58pml	33245.104	31449.100	31448.597	40917.592	33315.776	40912.148	31988.697	
paramset_htk59x	19571.474	20241.824	20162.997	34789.613	18670.903	34789.613	19451.021	
paramset_antjy1	23007.163	23008.836	23007.601	35676.854	22974.405	35677.396	23046.267	
paramset_2d8uga	562614.926	570032.856	562754.709	369207.206	541145.530	352880.744	556219.146	
paramset_7rte2u	3106650.544	4098122.817	4095995.318	1213590.435	3106190.108	1213599.932	2275885.125	
paramset_w8s59i	1549903.482	1579473.752	1580903.404	574762.551	1379334.762	545534.638	1563361.638	
paramset_yl7b2e	32134.039	31944.497	31972.414	33948.193	31894.662	33945.369	31733.056	
paramset_xnw6hc	30579.091	30749.015	30749.358	33995.793	30816.699	34026.851	31198.378	
paramset_osbc7z	14060.264	13074.394	13076.338	30855.029	14938.845	30910.966	13646.408	
paramset_rs97ki	19724.539	19712.826	19724.470	33080.407	20406.637	33197.473	19819.481	
paramset_o5r1dy	302530.170	392231.896	392231.479	287053.438	301905.829	286904.463	189465.811	
paramset_i7ebdp	369572.080	369575.828	369572.080	112246.027	293340.844	106144.483	370324.812	
paramset_93nbwr	15511.660	15645.826	15640.712	33830.981	16278.093	33842.392	15499.532	
paramset_q1t9hg	405651.928	402468.532	406062.381	223046.135	354818.969	193294.247	204727.271	
paramset_b7ejkg	923605.223	879605.081	879590.594	78884.006	724823.167	48578.000	983933.003	
paramset_j5421w	40474.657	40311.158	40223.594	41307.420	40429.794	41262.299	38403.499	
paramset_q19lhw	22471.080	22522.931	22510.850	34683.351	22315.523	34684.360	23633.731	
paramset_vf8w7u	175877.369	179486.572	179493.562	26001.112	160723.130	26017.075	179157.914	
paramset_lqi71n	31251.604	31279.834	31279.844	35251.281	31477.586	35251.427	31059.503	
paramset_ruld14	31514.730	31500.988	31500.908	33499.015	31769.938	33499.012	31133.095	
paramset_lsn132	30317.640	29656.274	29652.985	31674.514	30318.661	31674.543	31596.211	
paramset_5j1bsf	22915.084	26573.151	29165.657	32154.797	20213.546	32143.054	29076.317	
paramset_rygd3m	29539.135	29616.802	29616.796	34065.649	29950.253	34124.488	29913.625	
paramset_nv92w4	49473.479	64161.552	64131.095	28380.674	49326.565	28596.093	50621.416	
paramset_uya3dg	517333.643	517220.873	517220.528	95128.594	469090.652	91487.122	458071.708	
paramset_2u1cd7	248600.559	256497.058	256549.015	145606.249	201852.826	140007.387	267987.315	
paramset_f9zqmt	514133.987	516987.901	516986.728	69462.108	422466.625	69471.221	544666.371	
paramset_fduz57	20651.844	20650.051	20651.768	24119.980	20961.784	24375.094	20917.915	
paramset_js97oc	110779.268	115503.673	123538.170	63893.868	93270.354	61045.485	50426.335	
paramset_6qnfl4	25509.652	26442.122	26443.200	34816.158	26086.076	34821.534	25461.058	
paramset_vhr4p9	37848.556	37420.194	37409.539	36099.081	38245.003	36099.477	24458.024	
paramset_imdzwj	1235744.730	1237770.007	1237796.925	18461.634	1214237.801	18712.046	1235470.857	
paramset_89hevl	27282.829	26803.426	26784.560	37420.140	27044.505	37193.559	27332.994	
paramset_951rpd	1342311.617	1320024.371	1319979.725	839142.707	1266009.759	784260.299	1250608.323	
paramset_rhs2nt	653194.387	652858.263	652583.046	527177.403	643965.433	520836.723	321255.552	
paramset_f7y3gu	12933301.618	12751677.292	12749944.841	229931.515	11410913.706	228584.933	10689829.413	
paramset_s45hdm	57073.549	57067.525	57073.572	24939.958	55030.602	25847.623	57059.363	
paramset_yvw1zc	23605.502	24910.894	24945.323	27739.038	22996.033	27762.166	23705.911	
paramset_6ucnjd	18231.494	17256.094	17241.761	24126.720	14268.848	22534.013	19131.438	
paramset_ov4ux6	30708.552	31099.820	31107.471	36908.304	30731.490	36906.441	31057.770	
paramset_6wheos	29842.713	29797.411	29842.712	32592.917	30450.506	32994.451	29877.589	
paramset_sznyp2	61722.876	61722.567	61722.876	46445.958	61452.183	46446.813	52719.572	
paramset_5enc9d	30518.913	30515.639	30570.473	36500.926	28178.403	36466.825	30905.568	
paramset_8da3qr	46708.734	44949.184	44901.067	48198.151	46708.731	48191.750	42447.484	
paramset_yd5b69	18388.394	18234.000	18229.715	27843.806	18166.724	27864.176	19816.277	
paramset_8g6oyf	25946.062	27237.581	27240.467	32507.500	26461.662	32743.461	26963.810	
paramset_31b4nf	36526.973	36553.670	36560.036	58773.180	35927.862	58616.699	32736.786	
paramset_6xt35v	28223.802	28232.859	28232.943	35534.794	24762.482	35534.064	27717.479	
paramset_9g5m2x	28494.092	26076.261	25975.564	34191.155	28696.602	34191.151	30298.846	
paramset_tbdozl	774987.004	785768.842	785997.457	543499.398	714912.552	530926.513	486595.454	
paramset_of2w61	95386.735	97660.795	97673.464	85966.644	95333.826	85939.757	77240.465	
paramset_szku23	640098.847	1192941.904	1202187.598	514253.256	617900.669	505532.160	608203.220	
paramset_lhjcvb	66073.264	66892.691	66898.383	64398.119	64276.648	64311.366	66406.840	
paramset_jixge4	1094496.941	1527960.304	1530807.913	436540.724	1080179.266	433084.205	1115894.093	
paramset_2198er	19805.626	20624.093	20622.123	27945.003	19830.642	27955.568	25939.692	
paramset_8x6b5c	33894.697	33714.493	33711.822	46064.615	23141.340	36741.615	40591.962	
paramset_7ptlks	14560.484	13955.932	13988.054	36674.923	10330.579	36347.823	15517.449	
paramset_s7hdin	57628.172	57653.904	57653.886	26901.596	55722.655	26789.887	58482.103	
paramset_m6z94y	2407640.842	1729201.762	1726052.532	1435559.236	2308256.401	1390656.562	2543032.205	
paramset_ol7npe	23154.935	24958.668	24964.711	42760.469	22702.928	42622.406	22409.634	
paramset_h9aud7	266328.667	267283.878	266327.665	233551.960	251299.839	218600.698	250992.602	
paramset_tzcmnw	25184.383	25183.195	25183.856	30175.697	25552.231	30397.621	25138.413	
paramset_i1kz8c	79211.686	79167.951	79211.892	33572.938	76005.284	33194.198	79212.361	
paramset_bujs2x	416088.575	479220.471	479220.572	141799.611	372643.841	140741.691	285070.969	
paramset_6g2c37	555107.131	554586.968	554585.534	33573.989	510754.730	33573.631	555948.340	
paramset_gqtnlu	147903.666	177822.654	177818.819	107868.684	144184.802	107856.900	119228.817	
paramset_6bzrhd	42649.218	39012.425	39029.099	28304.595	42727.959	28480.435	42272.557	
paramset_bmzltd	18356.475	18193.801	18119.118	30482.134	18197.067	30507.275	17957.182	
paramset_ieb6lo	17488.568	17462.186	17462.193	36305.400	17779.300	36306.731	16226.009	
paramset_qdwpzy	19660.966	19535.107	19535.202	37621.425	20783.476	37556.855	19662.768	
paramset_a28ruj	1129531.004	726361.793	726358.841	348418.631	1126532.320	347258.621	854090.263	
paramset_tr9axb	2936871.366	3754590.014	3759194.998	1768239.112	2927030.672	1768422.439	1649938.714	
paramset_mvsu3a	16282.322	15435.259	15435.694	35649.207	16390.067	35723.138	16217.071	
paramset_nflpmi	252872.333	282267.163	287290.531	200814.400	233675.900	199727.732	220898.762	
paramset_wlyj25	28563.683	28607.400	28629.380	34521.686	26070.914	34496.618	32067.723	
paramset_wz3v1k	190971.406	190762.185	190523.871	87983.431	178131.448	87936.116	217510.926	
paramset_hz6psy	124192.959	125762.615	125598.319	51162.587	122870.469	50880.425	102616.779	
paramset_mvezjp	34856.777	34846.818	34846.704	36302.236	34956.164	36302.236	34625.729	
paramset_zkg1px	709436.462	709435.524	709434.944	370794.942	615289.511	327870.965	681896.334	
paramset_19yqrf	157465.120	158731.310	158732.218	37092.542	157478.673	37049.223	381468.592	
paramset_qsxmd2	45519.571	44162.435	44168.003	23003.606	45170.627	23004.383	45715.372	
paramset_7qwm1e	375871.642	361831.445	375912.698	242546.004	355884.198	231967.859	182988.119	
paramset_cy6nm9	29842.667	29282.349	29291.869	33400.613	29843.598	33400.585	29643.859	
paramset_qeaspn	1498063.498	1501484.599	1498063.498	1499786.727	1497925.770	1498840.032	1416331.016	
paramset_k2sfbu	28269.833	28262.624	28269.833	30400.472	28448.148	30509.007	29232.051	
paramset_zy847t	111754.518	121523.622	118107.252	79113.912	111725.169	79112.636	98156.159	
paramset_hf37wy	1395861.360	1395923.799	1395597.991	431508.039	1117509.201	333751.817	1385191.980	
paramset_ydnexc	18552.283	18561.734	18562.530	27752.700	19378.910	28125.453	18551.991	
paramset_5nrpdz	151747.320	243993.803	248955.000	75186.463	135229.121	72175.123	149707.552	
paramset_spr541	16582.759	16974.486	16974.520	33672.641	16723.751	33684.083	16658.931	
paramset_y3vm2q	1670004.341	2024114.014	2064651.279	977960.587	1658463.481	976159.863	278803.410	
paramset_s4xhme	130271.298	131421.979	131279.904	127206.549	129837.145	127158.900	102928.207	
paramset_z2j64o	36674.437	51919.428	51199.044	39778.181	37880.747	40039.142	34714.669	
paramset_rpt5fl	19124.649	19195.638	19201.635	35604.468	19242.328	35604.469	16889.362	
paramset_yfszhj	256261.242	256949.219	256944.538	130623.111	233546.113	128812.800	229590.162	
paramset_mptrgv	15869.694	20202.493	20204.996	31431.591	15918.185	31439.048	15832.495	
paramset_gywx3l	29881.570	29892.939	29892.942	33781.739	29905.924	33786.665	29749.299	
paramset_c64jfz	113206.249	93396.971	93272.367	38447.042	88078.830	37677.225	111421.999	
paramset_8vkuja	96832.255	96655.347	96450.220	72871.492	96828.924	73491.577	75961.656	
paramset_u5mh96	16354.604	17220.635	17232.299	35284.762	17296.820	35284.977	13820.326	
paramset_ohem7t	16967.550	13992.006	14034.910	33425.301	16532.414	33426.221	17686.642	
paramset_exg5v3	26580.178	26413.142	26413.345	32145.558	26651.188	32145.666	26595.709	
paramset_6tv7n5	23437.512	22877.777	22868.414	36454.491	23780.867	36454.522	19866.630	
paramset_ko1raf	84102.168	74618.552	76105.290	35526.442	83602.338	35870.979	79980.575	
paramset_cnyloa	39079.308	40355.061	40355.106	41158.811	39078.945	41159.289	36052.656	
paramset_mxke28	28854.551	27528.661	27401.816	35686.395	28869.705	35686.356	27348.030	
paramset_ni9ydr	553287.282	563876.301	566851.737	535091.128	552109.565	535012.829	339123.251	
paramset_simf8b	105135.705	130982.772	131000.908	89015.001	102460.072	88816.022	105585.431	
paramset_gbe5yw	445344.422	500142.603	501826.418	58339.274	434104.092	57850.778	445332.521	
paramset_qcatup	20904.470	20904.437	20904.411	19887.137	20831.070	20037.778	20906.980	
paramset_g9owvq	31484.639	31689.685	31697.320	35505.948	31597.354	35527.265	31231.173	
paramset_lfo4gi	271623.413	272763.699	273361.610	51578.894	194943.078	45307.949	132439.381	
paramset_x89lhg	179495.440	200739.641	200693.981	97176.485	177389.990	96961.451	174950.884	
paramset_a3seom	1176008.176	1188220.608	1185850.402	1136421.736	1166010.549	1129116.925	817822.137	
paramset_nseqrj	56226.650	61028.942	61047.291	23982.450	55958.546	24184.447	56318.673	
paramset_ydrg16	34973.413	35088.799	35087.933	49115.727	35918.149	49181.133	31286.529	
paramset_rkzej1	429582.169	370115.821	370111.003	44125.016	423545.117	44323.559	451697.137	
paramset_1l9oiu	32615.558	32596.243	32615.558	35417.392	32650.058	35432.749	32599.431	
paramset_wbivkh	405392.191	405141.564	405142.136	47514.407	397201.735	46666.763	403885.058	
paramset_5bexly	34744.174	32783.968	32794.901	36016.226	34891.010	36026.184	34640.426	
paramset_iwxz2q	106957.702	110309.088	110814.613	44351.296	99192.655	42719.771	90939.601	
paramset_gshzxa	143382.869	143095.253	143071.107	35665.216	129776.661	35664.562	176476.296	
paramset_w1m59f	392787.607	393676.587	393676.839	31028.265	374326.760	31412.515	391461.071	
paramset_6y2u1k	274514.926	274501.673	274515.049	22927.611	272459.163	23100.166	274516.034	
paramset_7bvsqd	37331.395	35009.197	35006.248	26599.735	31141.960	26683.028	49965.184	
paramset_eqy8io	19823.613	19847.337	19847.339	35897.800	19842.929	35903.499	19811.660	
paramset_6ow8ye	298372.316	298492.692	298509.292	33688.597	284061.462	33712.877	298295.265	
paramset_jypzd8	34618.722	34602.129	34602.979	34992.384	34624.173	34998.695	35513.128	
paramset_hg5fvj	30186.294	30048.731	30048.234	32551.108	30192.297	32551.202	30313.769	
paramset_ps9qd5	23412.428	23388.794	23412.534	32968.945	23662.936	33036.755	23404.541	
paramset_f3nloj	100709.537	99152.097	99145.205	18248.377	100207.829	18500.961	124932.082	
paramset_rdozn7	351732.328	364939.835	364941.862	247523.659	350078.902	246999.477	332892.969	
paramset_h7evd1	16473.823	16708.344	16699.063	36171.626	16501.333	36171.626	14824.871	
paramset_3trx5c	61007.909	65230.394	65254.917	39104.893	57920.576	38989.621	66478.949	
paramset_oimvlt	93348.157	91776.054	91770.855	44904.880	87240.937	44892.969	98698.113	
paramset_5ginsh	76315.848	76872.518	76892.801	36381.060	51116.633	34252.434	186602.434	
paramset_nmkb9a	594686.470	588515.748	588142.825	33046.246	559575.987	33046.376	620024.870	
paramset_uz12p6	127690.068	76793.072	76712.971	53273.089	127264.414	52961.785	112479.111	
paramset_oinht4	20102.189	20067.446	20066.927	24729.693	20221.439	25326.431	21350.657	
paramset_xah8cw	176589.681	183902.814	183261.180	149736.425	158847.872	149513.365	191669.430	
paramset_gem37n	28382.287	22284.465	22289.326	22088.580	28462.597	22679.280	36763.558	
paramset_xu9j41	2083051.775	8414583.469	8414733.031	184335.498	1670203.494	175790.834	3490953.717	
paramset_oetwiz	12323.073	13648.861	13652.457	29306.805	12770.538	29312.121	10625.059	
paramset_kpfe3i	177717.573	179718.049	179735.773	171146.284	176733.247	170507.145	93182.014	
paramset_lj9fdq	279550.406	272295.832	272256.000	51842.915	250825.010	51665.453	299880.224	
paramset_jg6wie	116770.988	118155.437	118154.179	35991.261	112118.961	35991.354	119143.465	
paramset_efjzsl	29351.685	29359.402	29351.685	17366.740	29201.308	17610.155	27915.269	
paramset_zm4jsl	46066.433	48710.949	48637.681	49028.553	46047.999	49021.762	39227.598	
paramset_e21mwx	26278.356	26699.605	26714.714	29315.228	27086.648	29814.091	28559.290	
paramset_lzf23b	454700.561	470191.626	470193.460	183093.042	417988.798	182068.576	490519.002	
paramset_p9b2wo	105349.510	103716.055	103687.423	42269.329	78688.557	42227.373	144839.330	
paramset_w9xly6	41771.708	41680.478	41611.777	47460.090	41818.015	47531.378	40677.492	
paramset_e4jd31	11857.392	11537.374	11534.792	33885.279	12195.495	33901.993	12453.363	
paramset_ygmrd6	38725.405	37891.254	37845.058	35095.555	36117.672	34964.276	38668.428	
paramset_yauv92	53391.604	53159.938	53158.623	25663.937	45430.110	25692.055	51052.970	
paramset_9jxpw3	4722529.381	4711347.438	4711274.665	236955.834	4596346.655	216670.660	4689711.717	
paramset_ct362w	7882928.427	6019241.177	6002812.392	1808895.677	7590519.066	1808078.918	6418130.941	
paramset_wdy2rh	32804.212	32958.730	32994.170	35344.535	32816.695	35344.534	32660.820	
paramset_jn62uv	2488606.199	2417532.200	2418393.443	242490.498	2417785.804	232679.923	2467223.071	
paramset_25cty4	2175114.947	2178109.349	2175105.914	2138840.207	2040387.179	2023312.901	1721100.144	
paramset_ycnu98	38568.690	38568.351	38568.647	26735.331	38419.666	27179.862	38549.563	
paramset_h4teqo	152953.745	148070.192	148984.996	132093.679	153086.929	132266.471	119454.138	
paramset_edl2fa	27626.345	28575.205	28576.990	32757.947	27650.122	32758.062	28525.247	
paramset_4wesa1	145310.859	144914.057	144642.046	53182.854	117376.782	53126.682	120372.259	
paramset_2h9m6j	111751.060	104204.549	104050.150	30071.461	93050.889	30069.079	141901.870	
paramset_nz6jy3	301960.985	274720.673	274726.065	31208.591	301676.616	31212.670	296682.074	
paramset_atlj6o	1254872.920	1254990.178	1254709.163	161301.831	1246849.783	161017.945	1418417.090	
paramset_ds4b6a	4569.888	3893.518	3895.768	32036.792	5479.085	32035.985	6601.530	
paramset_6ob537	477291.305	486947.048	487344.179	421510.135	475113.207	420923.919	293258.006	
paramset_hvquj1	31861.980	31886.080	31886.394	35514.637	32034.619	35558.037	32296.770	
paramset_h7efqg	1734013.957	1047228.407	1043701.101	888353.519	1579451.519	812562.454	1483405.290	
paramset_fwd7zl	3331665.656	3192470.682	3184726.761	349668.923	2686630.714	346615.697	3805474.437	
paramset_a4c2rv	18585074.016	22168038.149	22167996.638	7869801.828	18427578.215	7823094.379	7997869.107	
paramset_s27b45	30978.024	31014.490	31022.562	35483.301	31023.472	35475.196	30868.970	
paramset_l2p3ev	15133.007	15313.138	15313.643	25546.538	15340.022	25817.519	14802.820	
paramset_9q5sxh	21083.179	21137.291	21137.013	29670.016	21051.711	29653.814	20920.512	
paramset_5nyzse	241523.731	313803.500	313708.884	46343.070	229504.441	46289.242	437876.040	
paramset_etgo36	19100.902	19345.141	19369.334	36014.146	17991.839	36014.182	19235.969	
paramset_rcfhai	40739.379	38299.987	38158.643	37797.445	36441.364	37795.536	50089.567	
paramset_o5v6e2	715366.693	715430.162	715423.366	712135.189	713801.088	709897.452	575283.756	
paramset_cyx9gr	3043262.072	3078828.824	3078151.863	266913.977	2929733.738	264882.739	3137958.410	
paramset_6hj4mg	27208.369	28141.329	28141.366	34011.698	27357.829	34013.987	26964.364	
paramset_9db3zl	30986.861	30786.996	30786.631	35813.276	31142.007	35813.393	30543.729	
paramset_gzrbvd	205042.708	212413.008	213032.874	195949.724	201050.693	193400.806	164791.040	
paramset_cz7rds	19799.092	19798.847	19798.835	35521.023	19560.027	35521.023	19787.243	
paramset_89v2zb	321285.577	263457.322	263460.154	51034.343	322251.414	51778.298	226938.132	
paramset_qtu26b	41477.976	80868.531	80869.722	38934.848	41378.015	38820.011	58049.529	
paramset_7fzxoq	112778.965	96665.849	96685.740	54083.677	113085.276	54372.913	97157.163	
paramset_eomn9q	20436.770	22659.492	22660.671	30637.243	20902.724	30808.199	22678.104	
paramset_h7pdng	442564.240	442715.514	442980.459	233930.494	442763.661	234124.684	362357.499	
paramset_r24msw	40308.812	40352.293	40346.070	34865.764	40009.160	34865.838	40306.290	
paramset_4u6mwa	43862.928	59577.287	59369.152	50174.121	43036.032	50167.489	33189.312	