Channels:
Channel name, Exposure time, Skip, Z sect., Start time, Camera mode, EM gain, Voltage
 Brightfield,            30,    1,       1,          1,           2,     270,   1.000
     GFPFast,            30,    1,       1,          1,           3,     270,   1.000
         cy5,            80,    1,       0,          1,           3,     270,   1.000
Z_sectioning:
Sections,Spacing,PFSon?,AnyZ?,Drift,Method
       5,   1.50,     0,    1,    0,     2
Time_settings:
1,300,288,86400
Points:
Position name, X position, Y position, Z position, PFS offset, Group, Brightfield,    GFPFast,        cy5
        wt001,   -1859.00,     813.00,   1912.775,     92.100,     1,         30,         30,         80
        wt002,   -1722.00,     813.00,   1914.453,     92.100,     1,         30,         30,         80
        wt003,   -1585.00,     813.00,   1916.132,     92.100,     1,         30,         30,         80
        wt006,   -1585.00,     950.00,   1905.583,     92.100,     1,         30,         30,         80
        wt007,   -1859.00,    1087.00,   1891.677,     92.100,     1,         30,         30,         80
        wt008,   -1722.00,    1087.00,   1893.355,     92.100,     1,         30,         30,         80
        wt009,   -1585.00,    1087.00,   1895.034,     92.100,     1,         30,         30,         80
      hxt4010,     -23.00,     768.00,   1919.625,     92.100,     2,         30,         30,         80
      hxt4012,     251.00,     768.00,   1914.625,     92.100,     2,         30,         30,         80
      hxt4013,     -23.00,     905.00,   1921.338,     92.100,     2,         30,         30,         80
      hxt4014,     114.00,     905.00,   1918.837,     92.100,     2,         30,         30,         80
      hxt4015,     251.00,     905.00,   1916.337,     92.100,     2,         30,         30,         80
      hxt4016,     -23.00,    1042.00,   1923.050,     92.100,     2,         30,         30,         80
      hxt4018,     251.00,    1042.00,   1918.050,     92.100,     2,         30,         30,         80
      hxt2019,    1192.00,     683.00,   1916.575,     95.750,     3,         30,         30,         80
      hxt2020,    1192.00,     820.00,   1916.815,     95.750,     3,         30,         30,         80
      hxt2021,    1192.00,     957.00,   1917.055,     95.750,     3,         30,         30,         80
      hxt2022,    1404.00,    1055.00,   1916.125,     95.750,     4,         30,         30,         80
      hxt2023,    1541.00,    1055.00,   1915.440,     95.750,     4,         30,         30,         80
      hxt2025,    1404.00,    1192.00,   1915.988,     95.750,     4,         30,         30,         80
      hxt2026,    1541.00,    1192.00,   1915.303,     95.750,     4,         30,         30,         80
      hxt2027,    1678.00,    1192.00,   1914.618,     95.750,     4,         30,         30,         80
     mig1g028,     513.00,    2348.00,   1915.275,     95.750,     5,         30,         30,         80
     mig1g029,     650.00,    2348.00,   1914.864,     95.750,     5,         30,         30,         80
     mig1g030,     787.00,    2348.00,   1914.453,     95.750,     5,         30,         30,         80
     mig1g031,     513.00,    2485.00,   1914.796,     95.750,     5,         30,         30,         80
     mig1g032,     650.00,    2485.00,   1914.385,     95.750,     5,         30,         30,         80
     mig1g033,     787.00,    2485.00,   1913.974,     95.750,     5,         30,         30,         80
     mig1g034,     513.00,    2622.00,   1914.316,     95.750,     5,         30,         30,         80
     mig1g035,     650.00,    2622.00,   1913.905,     95.750,     5,         30,         30,         80
      hxt7037,    -477.00,    2583.00,   1913.100,     95.750,     6,         30,         30,         80
      hxt7039,    -203.00,    2583.00,   1913.374,     95.750,     6,         30,         30,         80
      hxt7040,    -477.00,    2720.00,   1912.826,     95.750,     6,         30,         30,         80
      hxt7042,    -203.00,    2720.00,   1913.100,     95.750,     6,         30,         30,         80
      hxt7044,    -340.00,    2857.00,   1912.689,     95.750,     6,         30,         30,         80
      hxt7045,    -203.00,    2857.00,   1912.826,     95.750,     6,         30,         30,         80

Flow_control:
Syringe pump details: 2 pumps.
Pump states at beginning of experiment:
Pump port, Diameter, Current rate, Direction, Running, Contents
     COM8,    14.43,         0.00,       INF,       0, 0% glucose in SC
     COM7,    14.43,         4.00,       INF,       1, 1% glucose in SC

Dynamic flow details:
Number of pump changes:
93
Switching parameters:
Infuse/withdraw volumes:
50,50,50,50,50,50,50,50,50,50,50,50,50,50,50,50,50,50,50,50,50,50,50,50,50,50,50,50,50,50,50,50,50,50,50,50,50,50,50,50,50,50,50,50,50,50,50,50,50,50,50,50,50,50,50,50,50,50,50,50,50,50,50,50,50,50,50,50,50,50,50,50,50,50,50,50,50,50,50,50,50,50,50,50,50,50,50,50,50,50,50,50,50
Infuse/withdraw rates:
100,100,100,100,100,100,100,100,100,100,100,100,100,100,100,100,100,100,100,100,100,100,100,100,100,100,100,100,100,100,100,100,100,100,100,100,100,100,100,100,100,100,100,100,100,100,100,100,100,100,100,100,100,100,100,100,100,100,100,100,100,100,100,100,100,100,100,100,100,100,100,100,100,100,100,100,100,100,100,100,100,100,100,100,100,100,100,100,100,100,100,100,100
Times:
181,422,423,424,425,426,427,428,429,430,431,432,433,434,435,436,437,438,439,440,441,442,443,444,445,446,447,448,449,450,451,452,453,454,455,456,457,458,459,460,461,462,463,464,465,466,467,468,469,470,471,472,473,474,475,476,477,478,479,480,481,482,483,484,485,486,487,488,489,490,491,492,493,494,495,496,497,498,499,500,501,502,503,504,505,506,507,508,509,510,511,512,513
Switched to:
0,0,0,0,0,0,0,0,0,0,0,0,0,0,0,0,0,0,0,0,0,0,0,0,0,0,0,0,0,0,0,0,0,0,0,0,0,0,0,0,0,0,0,0,0,0,0,0,0,0,0,0,0,0,0,0,0,0,0,0,0,0,0,0,0,0,0,0,0,0,0,0,0,0,0,0,0,0,0,0,0,0,0,0,0,0,0,0,0,0,0,0,0
Switched from:
0,0,0,0,0,0,0,0,0,0,0,0,0,0,0,0,0,0,0,0,0,0,0,0,0,0,0,0,0,0,0,0,0,0,0,0,0,0,0,0,0,0,0,0,0,0,0,0,0,0,0,0,0,0,0,0,0,0,0,0,0,0,0,0,0,0,0,0,0,0,0,0,0,0,0,0,0,0,0,0,0,0,0,0,0,0,0,0,0,0,0,0,0
Flow post switch:
4,4,3.2,4,3.2,4,3.2,4,3.2,4,3.2,4,2.4,4,2.4,4,2.4,4,2.4,4,2.4,4,1.6,4,1.6,4,1.6,4,1.6,4,1.6,4,0.8,4,0.8,4,0.8,4,0.8,4,0.8,4,0,4,0,4,0,4,0,4,0,4,0,3.2,0,3.2,0,3.2,0,3.2,0,3.2,0,2.4,0,2.4,0,2.4,0,2.4,0,2.4,0,1.6,0,1.6,0,1.6,0,1.6,0,1.6,0,0.8,0,0.8,0,0.8,0,0.8,0,0.8,0
0,0,0.8,0,0.8,0,0.8,0,0.8,0,0.8,0,1.6,0,1.6,0,1.6,0,1.6,0,1.6,0,2.4,0,2.4,0,2.4,0,2.4,0,2.4,0,3.2,0,3.2,0,3.2,0,3.2,0,3.2,0,4,0,4,0,4,0,4,0,4,0,4,0.8,4,0.8,4,0.8,4,0.8,4,0.8,4,1.6,4,1.6,4,1.6,4,1.6,4,1.6,4,2.4,4,2.4,4,2.4,4,2.4,4,2.4,4,3.2,4,3.2,4,3.2,4,3.2,4,3.2,4
